 nyear            rain             par            srad              vd           esoil            etmt            etmg            assg             rlg             rrg           cpccg             tcg            etmt            asst             rlt             rrt           cpcct             tct
  1971    0.187726E+04    0.148138E+05    0.712065E+04    0.114805E-01    0.217599E+03    0.910197E+03    0.611420E+03    0.120819E+03    0.626565E+02    0.601089E+01    0.194912E+02    0.893347E+01    0.298777E+03    0.550506E+02    0.264340E+02    0.175894E+01    0.249515E+02    0.369399E+01
  1972    0.133593E+04    0.159070E+05    0.764612E+04    0.119044E-01    0.151402E+03    0.814143E+03    0.518172E+03    0.106185E+03    0.567769E+02    0.705599E+01    0.179862E+02    0.824368E+01    0.295971E+03    0.556559E+02    0.271161E+02    0.164239E+01    0.249515E+02    0.369399E+01
  1973    0.189567E+04    0.153372E+05    0.737223E+04    0.122330E-01    0.168240E+03    0.754228E+03    0.473690E+03    0.975265E+02    0.471397E+02    0.375941E+01    0.169244E+02    0.775702E+01    0.280538E+03    0.528868E+02    0.254763E+02    0.147085E+01    0.249515E+02    0.369399E+01
  1974    0.217925E+04    0.151329E+05    0.727404E+04    0.105391E-01    0.168069E+03    0.899947E+03    0.607228E+03    0.127741E+03    0.608012E+02    0.604335E+01    0.202470E+02    0.927990E+01    0.292719E+03    0.576157E+02    0.276208E+02    0.150165E+01    0.249515E+02    0.369399E+01
  1975    0.171729E+04    0.148542E+05    0.714005E+04    0.114085E-01    0.179136E+03    0.956180E+03    0.650691E+03    0.125833E+03    0.684810E+02    0.428098E+01    0.201035E+02    0.921411E+01    0.305489E+03    0.553274E+02    0.269564E+02    0.145890E+01    0.249515E+02    0.369399E+01
  1976    0.169037E+04    0.154211E+05    0.741258E+04    0.111616E-01    0.151522E+03    0.707577E+03    0.429661E+03    0.934646E+02    0.496372E+02    0.839828E+01    0.169644E+02    0.777536E+01    0.277916E+03    0.547293E+02    0.267482E+02    0.170748E+01    0.249515E+02    0.369399E+01
  1977    0.169804E+04    0.152778E+05    0.734367E+04    0.103104E-01    0.169420E+03    0.727684E+03    0.453893E+03    0.103240E+03    0.494588E+02    0.700251E+01    0.179020E+02    0.820510E+01    0.273792E+03    0.563152E+02    0.269700E+02    0.206546E+01    0.249515E+02    0.369399E+01
  1978    0.119472E+04    0.148933E+05    0.715884E+04    0.122456E-01    0.157207E+03    0.865201E+03    0.579475E+03    0.116428E+03    0.559658E+02    0.379521E+01    0.193118E+02    0.885124E+01    0.285726E+03    0.531087E+02    0.258441E+02    0.197809E+01    0.249515E+02    0.369399E+01
  1979    0.136177E+04    0.154768E+05    0.743935E+04    0.123430E-01    0.155478E+03    0.666080E+03    0.401919E+03    0.843058E+02    0.453917E+02    0.611018E+01    0.144611E+02    0.662800E+01    0.264161E+03    0.517008E+02    0.252120E+02    0.172250E+01    0.249515E+02    0.369399E+01
  1980    0.178793E+04    0.155584E+05    0.747856E+04    0.119469E-01    0.137955E+03    0.802116E+03    0.524377E+03    0.111162E+03    0.552426E+02    0.628436E+01    0.183159E+02    0.839479E+01    0.277739E+03    0.537363E+02    0.261187E+02    0.223722E+01    0.249515E+02    0.369399E+01
  1981    0.167589E+04    0.152464E+05    0.732860E+04    0.125992E-01    0.164081E+03    0.777986E+03    0.488693E+03    0.100460E+03    0.507981E+02    0.464099E+01    0.167920E+02    0.769633E+01    0.289292E+03    0.530061E+02    0.254771E+02    0.179445E+01    0.249515E+02    0.369399E+01
  1982    0.123350E+04    0.161331E+05    0.775480E+04    0.108357E-01    0.140509E+03    0.696290E+03    0.422079E+03    0.923298E+02    0.467098E+02    0.767346E+01    0.161070E+02    0.738236E+01    0.274211E+03    0.564150E+02    0.275167E+02    0.183561E+01    0.249515E+02    0.369399E+01
  1983    0.125730E+04    0.157190E+05    0.755575E+04    0.121504E-01    0.131675E+03    0.876041E+03    0.581545E+03    0.122782E+03    0.585560E+02    0.518300E+01    0.204937E+02    0.939294E+01    0.294497E+03    0.563946E+02    0.269431E+02    0.158053E+01    0.249515E+02    0.369399E+01
  1984    0.190596E+04    0.153432E+05    0.737513E+04    0.111497E-01    0.147056E+03    0.782345E+03    0.512927E+03    0.111440E+03    0.614849E+02    0.107161E+02    0.199798E+02    0.915740E+01    0.269418E+03    0.539719E+02    0.261506E+02    0.211878E+01    0.249515E+02    0.369399E+01
  1985    0.154663E+04    0.152991E+05    0.735390E+04    0.108652E-01    0.170902E+03    0.776201E+03    0.493064E+03    0.994537E+02    0.533487E+02    0.859509E+01    0.166179E+02    0.761654E+01    0.283137E+03    0.546093E+02    0.267164E+02    0.169712E+01    0.249515E+02    0.369399E+01
  1986    0.138079E+04    0.153737E+05    0.738977E+04    0.122184E-01    0.147752E+03    0.981326E+03    0.663781E+03    0.126998E+03    0.648419E+02    0.854680E+01    0.207033E+02    0.948901E+01    0.317545E+03    0.557225E+02    0.268583E+02    0.128897E+01    0.249515E+02    0.369399E+01
  1987    0.148686E+04    0.159459E+05    0.766481E+04    0.119141E-01    0.160290E+03    0.704719E+03    0.437284E+03    0.924628E+02    0.479245E+02    0.911292E+01    0.159477E+02    0.730936E+01    0.267435E+03    0.532829E+02    0.260120E+02    0.265874E+01    0.249515E+02    0.369399E+01
  1988    0.131725E+04    0.154602E+05    0.743136E+04    0.119625E-01    0.173194E+03    0.903813E+03    0.596900E+03    0.118371E+03    0.572146E+02    0.360343E+01    0.194506E+02    0.891487E+01    0.306914E+03    0.548429E+02    0.271620E+02    0.155551E+01    0.249515E+02    0.369399E+01
  1989    0.157114E+04    0.155649E+05    0.748170E+04    0.110257E-01    0.158083E+03    0.940708E+03    0.636149E+03    0.126727E+03    0.672486E+02    0.966078E+01    0.206697E+02    0.947360E+01    0.304558E+03    0.562474E+02    0.273452E+02    0.137998E+01    0.249515E+02    0.369399E+01
  1990    0.123610E+04    0.159578E+05    0.767056E+04    0.115896E-01    0.166152E+03    0.827272E+03    0.542780E+03    0.107474E+03    0.569338E+02    0.329260E+01    0.170123E+02    0.779733E+01    0.284493E+03    0.549505E+02    0.271608E+02    0.236387E+01    0.249515E+02    0.369399E+01
  1991    0.145563E+04    0.160847E+05    0.773156E+04    0.112480E-01    0.143326E+03    0.710200E+03    0.429169E+03    0.953687E+02    0.446448E+02    0.376205E+01    0.169200E+02    0.775502E+01    0.281031E+03    0.557271E+02    0.271683E+02    0.291296E+01    0.249515E+02    0.369399E+01
  1992    0.129146E+04    0.158408E+05    0.761430E+04    0.121538E-01    0.161972E+03    0.846138E+03    0.557558E+03    0.113944E+03    0.527432E+02    0.558336E+01    0.197231E+02    0.903975E+01    0.288580E+03    0.548096E+02    0.267654E+02    0.234884E+01    0.249515E+02    0.369399E+01
  1993    0.148414E+04    0.158670E+05    0.762689E+04    0.122703E-01    0.165346E+03    0.680726E+03    0.417522E+03    0.852641E+02    0.453506E+02    0.518237E+01    0.147130E+02    0.674344E+01    0.263204E+03    0.521203E+02    0.251731E+02    0.295158E+01    0.249515E+02    0.369399E+01
  1994    0.133167E+04    0.161760E+05    0.777544E+04    0.108545E-01    0.165903E+03    0.690991E+03    0.399204E+03    0.901466E+02    0.355222E+02    0.521980E+01    0.163987E+02    0.751609E+01    0.291788E+03    0.579510E+02    0.278795E+02    0.190170E+01    0.249515E+02    0.369399E+01
  1995    0.184596E+04    0.156213E+05    0.750878E+04    0.112891E-01    0.155914E+03    0.869350E+03    0.571186E+03    0.118395E+03    0.579199E+02    0.450931E+01    0.193844E+02    0.888451E+01    0.298164E+03    0.558794E+02    0.272188E+02    0.165613E+01    0.249515E+02    0.369399E+01
  1996    0.147489E+04    0.160122E+05    0.769669E+04    0.119222E-01    0.164013E+03    0.873297E+03    0.569140E+03    0.110112E+03    0.583612E+02    0.420977E+01    0.181903E+02    0.833720E+01    0.304157E+03    0.557660E+02    0.273652E+02    0.161627E+01    0.249515E+02    0.369399E+01
  1997    0.181081E+04    0.159672E+05    0.767506E+04    0.113410E-01    0.158962E+03    0.655684E+03    0.380435E+03    0.827628E+02    0.424182E+02    0.841989E+01    0.155538E+02    0.712884E+01    0.275249E+03    0.544264E+02    0.267617E+02    0.205867E+01    0.249515E+02    0.369399E+01
  1998    0.201623E+04    0.157801E+05    0.758512E+04    0.127692E-01    0.181131E+03    0.854094E+03    0.534086E+03    0.103036E+03    0.435208E+02    0.310657E+01    0.188526E+02    0.864077E+01    0.320008E+03    0.541483E+02    0.265976E+02    0.137806E+01    0.249515E+02    0.369399E+01
  1999    0.166208E+04    0.155991E+05    0.749810E+04    0.108531E-01    0.148013E+03    0.904769E+03    0.604739E+03    0.122092E+03    0.638481E+02    0.102502E+02    0.203483E+02    0.932629E+01    0.300031E+03    0.557156E+02    0.275409E+02    0.153876E+01    0.249515E+02    0.369399E+01
  2000    0.176629E+04    0.155460E+05    0.747261E+04    0.106267E-01    0.176999E+03    0.897288E+03    0.594188E+03    0.122590E+03    0.633041E+02    0.341635E+01    0.198353E+02    0.909118E+01    0.303101E+03    0.573021E+02    0.280948E+02    0.150123E+01    0.249515E+02    0.369399E+01
